epoch       	ep_ret      	ep_tx       	newbytes    	ep_delay   	ep_delay_normal   	ep_throu   
0	13.477421083745798	424376495.054628	466277896.0390855	0.0	0	404716.9638201027
1	8.898238185667038	411471387.11285615	449198382.51182985	0.0	0	392409.6938255847
2	10.738629259057035	444665450.25727654	451016353.4833654	0.0	0	424066.0193035857
3	12.483659420011406	469000286.74244046	498637881.4163979	0.0	0	447273.5278534324
4	13.074336723441895	422664267.31269974	373756517.7504047	0.0	0	403084.05619878764
5	12.765297323016348	436408040.19791543	488682093.27969956	0.0	0	416191.1394099382
6	9.394650952087382	418724033.49968016	420433177.37067634	0.0	0	399326.3564106752
7	14.164561349624677	427841183.69889796	421858691.86726654	0.0	0	408021.1483944872
8	12.264318110174962	434472625.44536585	445630701.2155994	0.0	0	414345.3840688379
9	10.276944969805829	419943577.5851806	421859292.22410023	0.0	0	400489.40428274206
10	12.360580768363917	420877758.99249643	516625796.3190238	0.0	0	401380.30909776344
11	13.15203292813261	464257467.8790901	454784926.223199	0.0	0	442750.4233160877
12	12.562077167746612	462122215.02750987	521445151.2569988	0.0	0	440714.08751250256
13	15.424455572003177	423527584.1534475	429352433.409093	0.0	0	403907.3792967297
14	20.016268631387245	431819887.008053	509202475.23459977	0.0	0	411815.53555302904
15	21.927106910734185	461009428.9957062	450454550.482618	0.0	0	439652.85205431556
16	16.580679926809793	398378995.7756569	498162031.59428775	0.0	0	379923.81646695785
17	20.35518954723191	419852402.14184946	511634158.02298635	0.0	0	400402.4526041504
18	18.29819023851714	458102543.0741117	460162634.20100355	0.0	0	436880.62961016805
19	20.868698812946683	451671295.8054341	493016543.9233401	0.0	0	430747.31426757254
20	21.917701387339537	448927223.25195754	431105341.4958908	0.0	0	428130.3627509665
21	22.08645114367524	489381636.35121745	486728220.1131036	0.0	0	466710.6975090192
22	20.789344202632734	423416480.93455875	502558931.85559225	0.0	0	403801.42301040527
23	17.49447760384096	470654667.0278383	522259308.4664391	0.0	0	448851.2678411848
24	22.297079022157124	489735201.4180061	483949247.7386495	0.0	0	467047.88343239407
25	22.117332177907443	463748487.5216955	522145139.02395	0.0	0	442265.02182168525
26	22.65048032442784	474374689.5421214	573973693.8740538	0.0	0	452398.95776950975
27	28.072450075954723	496634008.26663166	491505684.8922202	0.0	0	473627.098337776
28	21.728847135741862	387313001.37303585	493061043.5091716	0.0	0	369370.4618196829
29	26.624753613413912	504074156.9800776	449951502.0932696	0.0	0	480722.57707603247
30	23.613369524658413	471314015.5594048	492448994.51182866	0.0	0	449480.07160129986
31	23.200692576297293	490971165.7176843	427996782.1813448	0.0	0	468226.5908409924
32	24.465311553812498	458896598.85663193	547811714.7604489	0.0	0	437637.90021575167
33	25.308784136694463	438393888.5369902	521943841.60319716	0.0	0	418084.9919671918
34	25.32136775779577	485298818.8338315	440002864.15406066	0.0	0	462817.0193041148
35	24.599348334172483	493409018.79123753	459179031.873624	0.0	0	470551.50870441215
36	22.643146620626396	430199358.87004983	534222639.2911882	0.0	0	410270.07948880177
37	29.845431469597656	465829451.10980004	495165860.4244194	0.0	0	444249.5833490373
38	26.30346977436193	509008377.98489726	612941664.0569308	0.0	0	485428.21691980085
39	26.149444565088153	466003663.44616127	506147031.4302275	0.0	0	444415.72517982573
40	24.901445269664723	416932220.1902453	566961938.1911094	0.0	0	397617.55007767223
41	25.467840566730896	516922037.1527797	428683065.1180774	0.0	0	492975.27041700325
42	26.151214446770673	449102788.320258	591536135.3378122	0.0	0	428297.79464746296
43	20.347544667534393	461321227.82859033	533244282.09228796	0.0	0	439950.20659312274
44	25.765098466839127	498812306.51329184	465223118.386893	0.0	0	475704.48542908847
45	25.282803228568767	520254391.59571743	473103812.311791	0.0	0	496153.2512623951
46	24.383747874002367	491402696.6778301	462719224.90332305	0.0	0	468638.1308344173
47	23.725999005855055	436805456.94939446	492338844.61885595	0.0	0	416570.1455587335
48	24.215479504578536	494804619.6713163	548484330.3503199	0.0	0	471882.457419697
49	25.272064296827427	486980222.14350986	468267447.022434	0.0	0	464420.53045607556
50	20.589297776291108	417443643.8726093	553218806.7471937	0.0	0	398105.28170834476
51	22.33923466623139	449704676.02389747	533680786.9545532	0.0	0	428871.79949178454
52	23.054699669036285	458435921.7608412	534351549.3856166	0.0	0	437198.56430133915
53	20.252577006733944	513193094.18544036	387937856.0225698	0.0	0	489419.0732817082
54	23.46382864589969	468537674.66230905	483274555.0486438	0.0	0	446832.34659415146
55	24.08298463835385	519714240.6698847	521998252.83010983	0.0	0	495638.1231974456
56	18.712230793673353	364661702.0202869	513437799.7172477	0.0	0	347768.4993937367
57	26.632246703203126	449646161.68126416	514207962.2654878	0.0	0	428815.9958660736
58	21.6696433590855	515982360.1527697	382479597.3570374	0.0	0	492079.124596376
59	20.294451880149953	464513826.3960494	501842706.55358183	0.0	0	442994.90584950394
60	22.58393923028335	423002767.7707757	529408712.66310555	0.0	0	403406.8753917461
61	23.93662498403057	476923221.2771048	470873580.81729597	0.0	0	454829.42702970956
62	25.402138429173174	525807530.8283867	489756681.8659003	0.0	0	501449.1375240199
63	25.049472035413707	532917958.43096185	515739187.0655004	0.0	0	508230.1697072618
64	23.95824308356892	485358933.2235219	537079142.3760738	0.0	0	462874.34885360906
65	23.02846345700451	457348320.9271205	547639357.8828409	0.0	0	436161.3473197179
66	25.473961432061184	483471547.01205504	517014464.78013116	0.0	0	461074.3970985936
67	23.372438941103535	398805578.00819874	465316946.97769094	0.0	0	380330.6369859685
68	25.181165378939983	434320411.5987733	546482521.7449168	0.0	0	414200.22163274145
69	22.811791123579606	523344215.86967987	519683262.2019007	0.0	0	499099.93731468177
70	28.42049697364556	488262611.4886328	483856802.2689736	0.0	0	465643.5122381522
71	25.05624185858526	473225590.07221586	455017807.60515475	0.0	0	451303.0911180648
72	25.174821562628814	456745065.2085595	480652574.7765915	0.0	0	435586.03783470107
73	23.170486794568117	384399294.7903697	529061070.9864384	0.0	0	366591.73468625033
74	23.68073880807129	510545805.1887171	531886879.62398225	0.0	0	486894.42175742827
75	20.575368444414643	493263077.2803108	470308440.3297754	0.0	0	470412.3280337436
76	24.843722393689532	460794188.6502457	521490117.990518	0.0	0	439447.58286499575
77	21.11537565151663	362216794.10786074	517796991.0730184	0.0	0	345436.8535116775
78	20.31090918075101	459557042.70236987	536051385.75141025	0.0	0	438267.74854886055
79	26.9316749855466	467120454.4295893	481859011.86221683	0.0	0	445480.78005751537
80	23.91327137951314	420500460.43826914	488875631.80888444	0.0	0	401020.4891569796
81	23.439490507742114	407048056.84246016	492786463.4061178	0.0	0	388191.2773537256
82	19.043090787472398	491941046.01375526	493290469.84784704	0.0	0	469151.54076934356
83	22.478340904030354	433490107.44666976	484650295.37341535	0.0	0	413408.3818880746
84	19.906262649669937	391457880.26565105	461084890.0044155	0.0	0	373323.3263641843
85	27.941718920932026	486495008.9412134	525584467.862061	0.0	0	463957.7950870642
86	21.73333129403475	503692647.6201024	438561360.19838554	0.0	0	480358.7413979551
87	27.06835668385553	509866882.8455274	588960033.9803686	0.0	0	486246.95095589367
88	19.82883562416779	399426418.39415944	521522181.1699668	0.0	0	380922.7165166467
89	22.583893705979886	389303435.55977285	481290003.8272017	0.0	0	371268.687782071
90	28.97380682110701	489295075.4831762	536461572.111336	0.0	0	466628.1466323624
91	20.448237735331812	518756672.7001926	476026122.75166816	0.0	0	494724.91521853674
92	25.5272898507111	533848042.2952106	576340088.4983547	0.0	0	509117.1668006999
93	22.718611392679502	421859444.30665255	567465764.7247869	0.0	0	402316.5171686674
94	19.9603290478427	393727528.8548289	556901703.4281689	0.0	0	375487.83193095104
95	22.522174275452784	393633699.68357545	522902805.0210525	0.0	0	375398.349460197
96	22.225240843438897	445657020.0873967	450924580.4577509	0.0	0	425011.6539834943
97	25.22752658087756	453457059.1491691	528938071.73973954	0.0	0	432450.3509036721
98	22.19456714628315	424053287.39741105	493359735.5036419	0.0	0	404408.72897854896
99	25.693825726001208	471018367.85697025	476241562.4531521	0.0	0	449198.1199807837
100	26.37412993833952	485692060.52937204	612166562.7803876	0.0	0	463192.0438092918
101	26.335375059730968	427057493.62371135	483399716.38856184	0.0	0	407273.76329775935
102	22.474276729073935	335137163.12351096	458726817.541463	0.0	0	319611.70494414424
103	21.535319059461894	411854031.54132855	506201133.6357194	0.0	0	392774.6119893347
104	22.323507784355826	494200029.9074852	474331304.0282251	0.0	0	471305.8756899692
105	26.74522804199097	492501849.85643435	418705306.6345403	0.0	0	469686.3649906486
106	28.467509060519017	512003320.9792738	620976096.7962859	0.0	0	488284.4171326387
107	24.36087962658411	465737821.4132935	534875479.6231741	0.0	0	444162.1984608588
108	18.721263144855044	286035166.1197037	434756995.27059025	0.0	0	272784.3915173566
109	21.48103848749009	474069670.78836924	470871986.0935484	0.0	0	452108.0692180342
110	25.37717694413994	532975035.6807346	484836781.496361	0.0	0	508284.6028144211
111	16.276760479244835	481244021.074461	503025239.951676	0.0	0	458950.06282278144
112	28.51960361545213	480880468.00355166	527678234.07952917	0.0	0	458603.35159640474
113	22.2000783116193	444519097.85089797	510211622.25782543	0.0	0	423926.4467724782
114	20.374906937130028	448142873.8384065	516280239.2668151	0.0	0	427382.34886017453
115	14.889643172798971	451890162.24418694	478141201.6577155	0.0	0	430956.04156893434
116	22.406699370610085	443318165.08667505	492981285.42137593	0.0	0	422781.1480395079
117	17.486074853306565	483510304.16535044	535233106.46677554	0.0	0	461111.35880026856
118	20.04308233436298	488432237.5871244	449104883.1734385	0.0	0	465805.28029167594
119	17.195932259938534	427859872.5633265	445562976.45679855	0.0	0	408038.9714844957
120	16.345367049923937	426963478.328842	490545967.79913974	0.0	0	407184.1033256931
121	21.305607773005594	496581407.2439623	462979525.21248364	0.0	0	473576.9340934396
122	20.101257414234816	440641314.10621077	523588573.4550434	0.0	0	420228.30401059217
123	21.966520469217855	472723640.3737893	573245245.1812711	0.0	0	450824.3945825478
124	15.570760408043897	481138610.68039286	468858815.4505778	0.0	0	458849.53563727654
125	18.61192191418995	527617004.4210584	493531797.7844587	0.0	0	503174.7860155663
126	16.07755968840543	434102751.8298015	530202380.0992398	0.0	0	413992.6451013582
127	18.43345633288141	456527749.81514674	462078023.41893053	0.0	0	435378.78972544376
128	20.71696112418478	489367140.86212206	443686295.82967716	0.0	0	466696.8735333652
129	24.06342165931172	476321404.2608228	421534205.15252906	0.0	0	454255.4895981052
130	15.529512254951603	491476661.86163205	483654770.74992144	0.0	0	468708.6695305176
131	26.459925523378587	501017616.62742764	567534454.2359712	0.0	0	477807.63304465055
132	23.806353890520267	364705334.083718	587363281.2085509	0.0	0	347810.1101720029
133	23.236575270966743	495723550.60531455	426008491.7424458	0.0	0	472758.8182500024
134	26.97965463105319	493508724.8854322	559882073.5419326	0.0	0	470646.5958456346
135	20.71062890762821	464181571.05519646	581006207.315367	0.0	0	442678.0424644436
136	21.58690330343516	434704155.70129293	497289565.6104807	0.0	0	414566.1885273863
137	18.716712705462406	460956719.44781274	458331117.9238357	0.0	0	439602.58431226044
138	23.733379353442544	493920645.5262181	439450901.26861906	0.0	0	471039.4339811498
139	22.84722713503371	478869386.4814411	541973398.6358546	0.0	0	456685.4348005686
140	20.953635051430748	482652510.7929076	518250711.8779786	0.0	0	460293.30329218623
141	24.70090241740612	445354822.2549999	464793394.70777524	0.0	0	424723.45567226387
142	25.422621646925716	530341072.89168906	542058876.8523788	0.0	0	505772.6601521387
143	27.31027540410094	532692623.1175352	645585191.0827307	0.0	0	508015.27320626745
144	23.759090502023692	501555291.767574	498771486.2267028	0.0	0	478320.4000163785
145	26.193419156896347	425208362.75814676	459544371.42799926	0.0	0	405510.2946835963
146	25.077119223479073	501176490.3656573	534097755.19179344	0.0	0	477959.14684835175
147	26.155076148691705	476167784.0782538	535523405.82648396	0.0	0	454108.9859755077
148	23.953179171177347	471232442.87154806	459553998.1251735	0.0	0	449402.27782397077
149	15.981308999973832	450138683.31880337	468951971.9652353	0.0	0	429285.70110206923
150	23.067692051638698	437735820.0293163	518641076.8562429	0.0	0	417457.4089329875
151	27.12487425727918	491098217.8444523	531750049.5735579	0.0	0	468347.757191136
152	24.903642526132955	464996153.1138741	493972258.96847236	0.0	0	443454.8884524097
153	29.135802256317874	531463890.7922562	539992847.8311137	0.0	0	506843.46274591074
154	25.522876739567863	456273664.8894266	475919103.19995296	0.0	0	435136.4754575983
155	30.633054823124294	530174550.5969027	532327713.32100993	0.0	0	505613.852116492
156	23.87848819117339	494415865.6377399	570101475.9621335	0.0	0	471511.71268247615
157	20.482968817363655	415015004.36622214	513885252.72472626	0.0	0	395789.1505872938
158	25.48343254433456	426502957.0949755	496888505.75815904	0.0	0	406744.9160527951
159	26.413041094307054	517314201.27073085	499429353.99461585	0.0	0	493349.2672641093
160	24.918447122498396	440821205.14634895	496014491.2470234	0.0	0	420399.8614753237
161	24.398109771636804	537768595.4875176	518886593.69217616	0.0	0	512856.09768630733
162	24.588788821003693	480714235.44335395	500029894.60921574	0.0	0	458444.81987319374
163	21.288532607786642	430931049.0132273	522811407.71077234	0.0	0	410967.87358591764
164	26.31221158093654	400064466.91338867	461423800.1517378	0.0	0	381531.20700205676
165	24.384431036193494	483772673.0388936	490728154.6334465	0.0	0	461361.5732563912
166	24.97325148690843	509653787.68763053	533862263.51655793	0.0	0	486043.72757685726
167	26.15222215879116	427758115.65715003	539745389.5459108	0.0	0	407941.9285365581
168	24.347852495768027	439134239.0012699	441803399.5733882	0.0	0	418791.0451901149
169	24.785013155833056	443297407.67816895	563079201.3396382	0.0	0	422761.3522321405
170	23.95057773069938	476452796.2758494	528032660.22394764	0.0	0	454380.79478821694
171	23.235579188963143	482002261.08303624	472933114.20866895	0.0	0	459673.1768446315
172	26.48538539466822	527892572.0253423	468385183.6042158	0.0	0	503437.5877622054
173	20.809871197048896	375019387.2899785	453305241.91767913	0.0	0	357646.357812861
174	23.42589341850039	431189829.27620715	612601290.6784946	0.0	0	411214.6656763145
175	29.53834604155963	531379460.44887483	514097727.8125308	0.0	0	506762.9436959026
176	21.809681340630654	416409865.67244273	540303977.6018217	0.0	0	397119.3939899852
177	22.038832670292788	477545263.14201784	508073751.96743804	0.0	0	455422.6523800065
178	24.2849435383266	428936954.36053497	479025533.4885081	0.0	0	409066.15673116216
179	21.28003589711802	439744250.9633977	506898650.41599804	0.0	0	419372.79793109663
180	21.901173505202877	431062737.38862157	579594917.3298388	0.0	0	411093.4614073007
181	26.626301685278207	480783799.5104521	529975862.51168835	0.0	0	458511.1613373301
182	28.303390083932676	535469096.5756136	513803320.30372834	0.0	0	510663.12463342043
183	24.127602243295236	499915545.52982163	499339398.6854954	0.0	0	476756.61614401033
184	21.169068386013326	499132390.5218831	478551628.2141411	0.0	0	476009.741327174
185	21.607895593150246	496564672.85884285	533357837.4623086	0.0	0	473560.9749401503
186	18.44116810358185	383902052.85094976	514571985.35949904	0.0	0	366117.52781958546
187	19.077702283645195	374952770.97087854	480827783.0848456	0.0	0	357582.8275402818
188	23.90106652637502	520437963.8645896	527471462.6155727	0.0	0	496328.3194204229
189	24.839810856656918	492215936.778484	531772243.80012405	0.0	0	469413.6970314827
190	24.535940746484513	465491316.43292165	538951230.5791299	0.0	0	443927.1129922119
191	24.782664407089015	535161613.1041219	591442463.2933252	0.0	0	510369.88554393937
192	23.997797505840914	444935031.26311034	431100502.69170517	0.0	0	424323.11178504024
193	23.66334211777287	438677144.7284104	522998320.2617264	0.0	0	418355.12612191227
194	23.352725171121246	461924282.8527733	504049837.74463135	0.0	0	440525.32468106574
195	21.742510161503347	479387479.3306608	482246373.8439467	0.0	0	457179.52664438327
196	25.413879147074656	518233692.06268597	498044622.75648963	0.0	0	494226.16201656905
197	23.885399597086977	460436990.014589	527189973.61105025	0.0	0	439106.9317003147
198	22.25437237668646	516917600.67395294	516243970.7913595	0.0	0	492971.0394610909
199	24.171168207947037	400399906.6185366	516653398.33966106	0.0	0	381851.1072335593
200	22.64151519960581	422005631.40283424	470290989.58941144	0.0	0	402455.93204768596
201	24.857275929375657	503168208.5960714	536233282.439281	0.0	0	479858.5973702158
202	27.704650771599688	485635865.4285824	533524842.11301506	0.0	0	463138.451984961
203	25.62793715911622	509012928.149537	472109934.96315825	0.0	0	485432.55629495345
204	25.06614958288504	490604009.7788248	598599042.4352288	0.0	0	467876.4436519857
205	26.761637036446114	471089053.85595053	423689138.40489376	0.0	0	449265.5314025407
206	22.77775303230201	383995194.8151845	568453516.8947473	0.0	0	366206.3549186559
207	29.53566762403763	453846200.7320785	474554467.4487288	0.0	0	432821.46523673873
208	24.56128656231407	518537517.3714369	478628299.43377036	0.0	0	494515.91241019894
209	20.78962726639622	465211436.5736506	537828456.6986057	0.0	0	443660.1987587457
210	23.390692914381436	498958855.64496386	509495576.09279126	0.0	0	475844.245572056
211	27.71352325910071	534971019.0773087	538811734.9187214	0.0	0	510188.12091570726
212	24.55677469839419	548097070.3030071	510671053.6994082	0.0	0	522706.0988454888
213	24.875850816470955	514814312.87584835	577814868.4947119	0.0	0	490965.18790802796
214	27.799317918688295	517074248.85236293	464234751.059594	0.0	0	493120.43080555246
215	27.4587372085389	508125055.6008764	474700480.5097542	0.0	0	484585.81504905317
216	26.172908004151378	460603462.964144	478023094.4659482	0.0	0	439265.69267668156
217	23.57339815306225	538443013.1450318	616901948.3448879	0.0	0	513499.2724848098
218	26.014166196748143	477116878.11441356	484808892.5865195	0.0	0	455014.1125816475
219	28.12409024415728	511445143.71323824	527039078.4585096	0.0	0	487752.0978100189
220	27.149243839784035	452031145.2614977	533738087.9966374	0.0	0	431090.4934515931
221	23.596908635654117	508472820.3840803	435984585.5727485	0.0	0	484917.4693909458
222	26.819175811418724	528680300.3725651	482648758.69277847	0.0	0	504188.82405525696
223	22.368837391061238	369812477.3561727	625716254.8529265	0.0	0	352680.66154115
224	24.999607385108803	493135128.0372278	502011538.70083505	0.0	0	470290.30612681183
225	23.951847194199377	513241923.8991474	464940104.9323952	0.0	0	489465.6409255479
226	23.01952971894149	450652858.2227109	501035276.79449475	0.0	0	429776.05650206644
227	27.45926944165206	456771162.19936985	504108602.4966765	0.0	0	435610.92586457235
228	22.976148253597792	501248241.4030975	519361487.0134116	0.0	0	478027.5739699341
229	25.60824743895556	511194164.5508914	516310542.0586314	0.0	0	487512.7454289354
230	26.023665642770865	424910597.4208606	510895497.55778253	0.0	0	405226.3235291105
231	22.297809050240982	508913967.6057961	571020042.9764332	0.0	0	485338.18016605015
232	26.044625328404017	455129667.64813584	471703657.22810197	0.0	0	434045.4746705398
233	23.386240531557746	502257341.31350964	501495045.58546156	0.0	0	478989.9266371821
234	15.572437837467572	285675422.45388526	450280929.228526	0.0	0	272441.31322277576
235	25.261966620998084	486454078.683078	539935441.4659189	0.0	0	463918.7609511166
236	26.2642746193999	476151042.1347827	558089405.0204936	0.0	0	454093.01961401245
237	26.529810929386613	503126579.88650584	635947604.2144637	0.0	0	479818.8971390777
238	22.156146725439044	468709775.94957906	478851860.3906257	0.0	0	446996.47517164133
239	25.946310529807807	515600720.81958896	492513891.06738627	0.0	0	491715.16496619134
240	23.676842089265993	530471865.0028436	565166224.7864212	0.0	0	505897.3932293353
241	23.24690936284991	455797733.7555223	495038084.1603225	0.0	0	434682.59215881553
242	27.411958224393295	506408722.9072476	517903092.6580962	0.0	0	482948.9926407315
243	23.124179059097475	442404520.54925984	478573647.0098923	0.0	0	421909.8287098501
244	25.081678261682317	416310376.3695358	494218830.86318237	0.0	0	397024.51359704573
245	27.559112533690886	472250670.78005534	505438141.2106522	0.0	0	450373.33562856243
246	23.990487740762354	536742280.79477334	638382708.5105762	0.0	0	511877.327723287
247	24.995775126105976	493942404.09410584	495510744.5293592	0.0	0	471060.1845685059
248	17.617492045430623	277111358.5190513	448597981.54928416	0.0	0	264273.9854040635
249	26.379496008128605	441101290.8809333	519952001.5689337	0.0	0	420666.9720467884
250	22.347112086861898	388797059.7325351	536702144.97895443	0.0	0	370785.7701611855
251	23.49445387770213	432004298.5477225	497711690.48602617	0.0	0	411991.4041020608
252	24.163831112234487	364826843.8342491	410249689.650055	0.0	0	347925.9909002771
253	22.993495790273514	458760366.64807343	474970314.6186443	0.0	0	437507.97905738204
254	24.288239577470883	530319211.8732357	565402260.5755136	0.0	0	505751.8118603093
255	25.90775748694229	494227078.4731336	441862604.9088367	0.0	0	471331.67121232353
256	22.269352202291802	540793867.75657	608003131.8574666	0.0	0	515741.2221494387
257	27.155345682843947	535822385.3027061	525459921.62141013	0.0	0	511000.04701872467
258	26.02909942309821	474395135.3806838	523958331.9666195	0.0	0	452418.4564406242
259	24.372368743529577	495441664.80536443	553370308.1388801	0.0	0	472489.99100243044
260	27.336674562218416	522998403.4621125	500532055.68829757	0.0	0	498770.1449032902
261	20.361768399841683	455584305.6285611	525364138.61320215	0.0	0	434479.05123573425
262	24.269043102187258	468795058.12644976	529864772.2672322	0.0	0	447077.8065933703
263	22.555630837877565	527434769.5993785	475763706.07597595	0.0	0	503000.9933465751
264	23.735657710638026	448063062.5680306	495905536.6655152	0.0	0	427306.2349014574
265	23.911790589451915	465779334.841061	536796956.9270135	0.0	0	444201.7887507067
266	28.695980002791167	480831385.8072568	461540334.8060961	0.0	0	458556.54316640535
267	28.924187960985986	465450498.3831939	476284913.3376643	0.0	0	443888.18586654076
268	22.190754749228553	455329674.07821155	515553467.97397405	0.0	0	434236.21566601895
269	21.91746935341323	434462592.05596346	478408795.8521897	0.0	0	414335.8154830583
270	26.2710697848372	486028827.94446784	502036870.94330573	0.0	0	463513.2102436713
271	25.92498800373574	514447056.7898263	545876160.9239103	0.0	0	490614.9452112448
272	28.83064072875061	452691147.03003615	518937724.541584	0.0	0	431719.92018703086
273	24.7580388614917	516530583.5432884	511580050.087378	0.0	0	492601.9511635669
274	24.710992317370316	506648222.99208814	476226024.3310725	0.0	0	483177.39772042114
275	24.11404287637531	473939496.9112991	552265486.3243585	0.0	0	451983.92573480523
276	24.686602850422968	515181184.9631279	522326612.6179366	0.0	0	491315.0643950727
277	29.356202594292228	497847912.6284383	561135877.9491305	0.0	0	474784.7677502042
278	27.290338408001645	474363851.03987366	510440134.04612416	0.0	0	452388.6213682879
279	17.67652638845814	356370662.2728506	504103914.5167951	0.0	0	339861.54773030325
280	27.14082830645585	530206419.480539	493289362.5843345	0.0	0	505644.2446523085
281	26.558589954151717	458968459.0390098	454985859.39254284	0.0	0	437706.4314260576
282	28.715404712924	447802441.5654163	600884857.9378548	0.0	0	427057.68734494806
283	28.365995215588303	540845825.3191217	527434772.5249916	0.0	0	515790.77274238726
284	25.42433358969926	527172827.8042226	538761564.8984655	0.0	0	502751.18618414155
285	24.430735107389225	471586124.09156436	567688550.3854178	0.0	0	449739.5745196954
286	24.80642685917468	364100520.13973385	431683387.7304427	0.0	0	347233.31464742083
287	27.236775850570485	435002727.4007684	476518256.3716305	0.0	0	414850.92868878203
288	23.912362959342754	387718274.8157584	529969486.5451131	0.0	0	369756.9606931291
289	23.227700343424065	485299982.77089417	568901091.9359578	0.0	0	462818.12932099734
290	20.997850249366245	423698518.5697714	460576137.54273194	0.0	0	404070.39505936747
291	22.700973579352837	389606983.4004177	554149219.5148069	0.0	0	371558.1735614946
292	23.213293108908843	494789836.36342776	469451369.56172365	0.0	0	471868.35895865207
293	26.970787041038715	494126258.37496704	515102057.31139266	0.0	0	471235.5216741247
294	24.05441125860883	504262724.38186634	537727222.2132149	0.0	0	480902.4089640296
295	24.12942329543279	477382858.4146915	539322722.0147669	0.0	0	455267.7711626926
296	26.166280145677906	526178201.2744947	537676810.0307763	0.0	0	501802.63640832424
297	28.55585600976188	549474592.3687086	568962015.3157797	0.0	0	524019.8062598312
298	26.40023828826266	511117702.52080905	537018908.6999449	0.0	0	487439.8255546658
299	22.240839352596925	519036969.8699823	487364826.42565584	0.0	0	494992.22743032646
300	25.145622407890635	495024080.12318575	493715916.55809665	0.0	0	472091.7512161119
301	29.73248358871656	466518024.244383	504234230.5878294	0.0	0	444906.25786245614
302	28.052428936735588	520703127.39488316	484889831.70989996	0.0	0	496581.19906891155
303	23.40280436038492	477463435.8144967	574206514.5499926	0.0	0	455344.61575936974
304	28.634093587322024	517182193.8014387	569693809.9866533	0.0	0	493223.375131072
305	24.66889811623825	461289822.03879166	522857320.93366396	0.0	0	439920.2556980054
306	26.082647327337348	550984364.802297	612877077.6540498	0.0	0	525459.6374533625
307	23.954731600265536	511000900.30687165	477141736.6807441	0.0	0	487328.4342831341
308	25.65626955005191	492651944.2768405	541521021.9739066	0.0	0	469829.5061844258
309	23.043680074004186	402392247.68394464	484325049.9674386	0.0	0	383751.1517371602
310	25.28306415345729	472704611.1169526	526816422.1783334	0.0	0	450806.24686904217
311	27.558104145557138	520973993.6309409	501503953.4948862	0.0	0	496839.51724142133
312	23.509996490848017	391251445.6675279	513268548.4161812	0.0	0	373126.45498993684
313	22.367692287094822	454221131.65655124	559822457.170257	0.0	0	433179.0272298347
314	21.362220219578965	485701773.54737496	538792539.9838562	0.0	0	463201.306865096
315	21.402267889236125	421561554.43842113	461705664.0968052	0.0	0	402032.4272522176
316	24.30170642303696	465818635.3867887	488154126.0803614	0.0	0	444239.268671788
317	23.927281958397394	507144190.0189613	546940584.9454105	0.0	0	483650.3887357343
318	16.79277732774219	326316959.6885303	468537132.3001038	0.0	0	311200.1034627251
319	26.998360645134863	513358675.43211627	547571623.5776451	0.0	0	489576.98386394157
320	20.897424038097245	456498760.29811823	508699027.78641135	0.0	0	435351.14316760853
321	22.83591800230675	431521126.27148217	551704672.0741892	0.0	0	411530.61511181085
322	26.54431805385867	498620706.8330053	474066808.5692145	0.0	0	475521.7617349675
323	20.26895085871963	465622799.5610791	505232061.45568377	0.0	0	444052.5050745766
324	24.33967095242986	486712347.2778431	522982377.2276726	0.0	0	464165.0650766783
325	24.376510955761706	531918841.042159	582586123.5183012	0.0	0	507277.33711448585
326	29.462701209278723	524130889.936906	530192292.34690166	0.0	0	499850.1681679782
327	26.417805144707323	511808796.2960935	562190447.7369127	0.0	0	488098.90393838263
328	22.73205743601785	456502003.6748863	580086493.0746511	0.0	0	435354.2362927305
329	25.93547504248114	511310338.19305265	476689936.59759957	0.0	0	487623.5372477078
330	23.439058057639745	413253450.074646	463407858.6317649	0.0	0	394109.2015024624
331	29.035241525972708	521527351.06311303	518709899.98970777	0.0	0	497367.24001227674
332	21.12788377616031	407326329.93615013	531458621.0122663	0.0	0	388456.6592561245
333	29.42139632509208	463331219.2207103	555494297.8329307	0.0	0	441867.08375998505
334	22.801037004899026	442174538.9632756	509297855.58133465	0.0	0	421690.50117805065
335	19.988562616338214	439835064.0040531	519764878.8549991	0.0	0	419459.40399556456
336	23.017298719711672	478335598.64759207	527027101.26628566	0.0	0	456176.37505301664
337	26.846302691318396	521659534.716583	498976748.78293335	0.0	0	497493.3001676397
338	22.8051170441023	470223585.779748	466043353.9942566	0.0	0	448440.15672659676
339	26.109596914371146	514766893.373566	498548065.7255604	0.0	0	490919.9651466043
340	22.653677896142987	392634866.78869027	555857081.3983775	0.0	0	374445.7881819633
341	30.46099700542783	515460776.6372924	520876377.9692518	0.0	0	491581.70379380457
342	24.425845670114896	415011205.42155534	547447794.9306604	0.0	0	395785.52763133554
343	22.55965500317588	437524059.33477664	506220496.99201506	0.0	0	417255.45819738077
344	22.629091438780343	408847247.3878516	555990099.3542631	0.0	0	389907.11916718655
345	22.467233468554777	505922456.290228	570813234.706695	0.0	0	482485.25265715417
346	29.80184652062866	532416492.30997384	557010302.0084224	0.0	0	507751.93434712756
347	22.80867629665906	422717325.94440407	620625955.1007637	0.0	0	403134.6568531074
348	23.00642747318047	445042204.9688667	531959692.0029909	0.0	0	424425.32059561403
349	24.916068865729276	431491475.75810164	533032269.456842	0.0	0	411502.3381787317
350	27.74803643263113	507605655.6199421	552983943.451283	0.0	0	484090.4766272947
351	31.641241335466	518885657.83285445	493796031.9502245	0.0	0	494847.92502675456
352	20.516835912991134	469971338.4673434	544004837.2233558	0.0	0	448199.594943374
353	24.748126644110773	482566704.7436789	558604839.3535639	0.0	0	460211.47226684453
354	25.91558812676842	491690154.0842346	509928086.2552874	0.0	0	468912.27157996624
355	21.719163824288128	498787417.3042275	530669646.1799978	0.0	0	475680.7492296482
356	24.62684102726128	445372318.485959	495755071.661256	0.0	0	424740.14137836354
357	25.9542664526245	502005241.72230756	467816969.53777575	0.0	0	478749.50573187595
358	30.11204715427178	531796614.13266015	506207700.1255662	0.0	0	507160.772450123
359	26.346769724476406	502227752.140786	492945477.7843776	0.0	0	478961.70820311154
360	23.601527009706928	471064813.78040606	504659084.1255036	0.0	0	449242.4142650663
361	21.227192742783718	446076690.87213373	492422216.1447794	0.0	0	425411.8832322443
362	25.069389669613194	479515127.6040169	599489606.080583	0.0	0	457301.26152421656
363	26.416068921888353	478291137.14670914	561229171.3799306	0.0	0	456133.9732615557
364	19.440724425742875	412710945.67391765	422102641.8937564	0.0	0	393591.82898895047
365	24.74273261293944	397497000.6000787	550480883.5249015	0.0	0	379082.68032081483
366	25.935965643987917	470525391.4799997	478568972.7587903	0.0	0	448727.98107147205
367	24.689529806039914	483888504.1578969	521560757.47933316	0.0	0	461472.0384196252
368	27.03875050356328	482022179.2790418	534380706.50077516	0.0	0	459692.1723165911
369	23.622232685839702	492269022.1193487	501105131.6160784	0.0	0	469464.323157643
370	24.10462066768197	507400247.6436637	491976054.97998613	0.0	0	483894.5843159329
371	23.429616617477304	495163045.5073843	531436665.6157481	0.0	0	472224.27893389156
372	27.754357564684383	466347773.5403263	522644802.5937983	0.0	0	444743.8941386473
373	24.323536181327036	413871071.5168085	497996416.5104885	0.0	0	394698.2112091145
374	20.863237166709947	511841034.460935	498831432.6522318	0.0	0	488129.6486481999
375	22.70891850303259	517765538.7774928	548449204.7228774	0.0	0	493779.69625233905
376	27.53748383951455	549437216.6997532	564305844.6487582	0.0	0	523984.1620442899
377	23.98474401881537	506215032.5470085	524764987.89360714	0.0	0	482764.275118836
378	20.99539551352635	469858707.06291485	482810338.4123758	0.0	0	448092.18126574985
379	29.92456951083364	490346724.8753912	486203075.0418252	0.0	0	467631.07764758216
380	26.381301483983457	500294961.5894621	544372469.1850586	0.0	0	477118.4554953213
381	20.623371114180785	420919107.6388693	449485731.6974321	0.0	0	401419.7422398274
382	29.172006786699548	527284129.7806307	522408600.31445456	0.0	0	502857.33202040725
383	24.36177458619632	515127826.5925678	515914493.51365435	0.0	0	491264.1778875046
384	18.204032373555744	385590495.7466715	505124055.08677214	0.0	0	367727.75244395406
385	27.533838014500223	416301839.6850603	450188291.1120653	0.0	0	397016.372380314
386	26.88615373884387	467336445.7168531	541467894.7404405	0.0	0	445686.7654007466
387	23.106969742691845	455651218.7179681	516105021.5399264	0.0	0	434542.86453053297
388	25.41690335271998	507067499.7356893	539364349.0576394	0.0	0	483577.25118225993
389	28.8697028841419	523437299.9017558	527703784.48387325	0.0	0	499188.7091653401
390	22.94862397658371	488887195.5475301	469432789.88294816	0.0	0	466239.16201355966
391	20.633536728372057	361624372.72906697	475212836.1251102	0.0	0	344871.876458232
392	26.25165925469816	511022883.6824965	533217595.2149293	0.0	0	487349.3992638554
393	22.81507362906851	495958843.28069687	520247871.3794343	0.0	0	472983.210831353
394	26.363556955089827	413555074.9241705	526888939.216371	0.0	0	394396.8533746438
395	22.59414429625236	457372590.7669241	541244540.8866057	0.0	0	436184.4928426018
396	24.896957112073814	452849901.35385275	500223360.9570005	0.0	0	431871.32010827324
397	24.502461088828372	462750135.0149838	453751715.80674165	0.0	0	441312.9186773144
398	24.809431464877974	438058793.49645585	463288618.7636818	0.0	0	417765.4204334794
399	20.2777407599717	441568264.5066493	508196855.30636156	0.0	0	421112.3128000729
400	24.17962385291176	444435667.0642914	508853257.3174687	0.0	0	423846.880974094
401	27.35658809003881	505712202.2753392	522876656.99716413	0.0	0	482284.73880323325
402	28.422390074433604	483884648.2597874	495040868.5787043	0.0	0	461468.36114863143
403	27.648328203510136	546711421.7074248	533706602.4507832	0.0	0	521384.6413683174
404	28.84917255985162	544165418.6141009	546293352.506665	0.0	0	518956.58360872365
405	27.18497384730889	486942574.70778483	534552663.50699496	0.0	0	464384.6270635459
406	21.754192694722445	484326155.71136886	527545019.13440573	0.0	0	461889.4154657066
407	29.519330869704408	477856133.9426861	511290807.5699189	0.0	0	455719.1218783246
408	22.779217639522127	421900034.36508477	500219772.7284671	0.0	0	402355.22686489584
409	28.121195516007088	519337181.70898664	556268379.9429832	0.0	0	495278.5317506663
410	23.330842698921355	478266409.73924804	453068943.21616316	0.0	0	456110.3913681488
411	24.068107729293104	483372108.5676317	431465523.0834715	0.0	0	460979.5652080838
412	25.743656773845093	527802494.93806535	507261597.3779258	0.0	0	503351.68355757254
413	23.949316079913906	459296535.841113	572223018.778072	0.0	0	438019.3098460321
414	27.135084547171385	497262163.15499413	450159626.2007865	0.0	0	474226.1535215321
415	24.304218987098483	441781331.22815615	501236844.65388215	0.0	0	421315.509060055
416	24.76355314758973	385760149.9418537	504070485.5904412	0.0	0	367889.5472925699
417	27.129844133165424	489328385.6623817	459950233.0775594	0.0	0	466659.91369474586
418	27.273478607229816	555444102.317357	524833255.1657101	0.0	0	529712.7745793884
419	26.060136110936284	527683982.1044925	506101114.45315474	0.0	0	503238.6609120297
420	28.73220461750734	458616813.7715246	467717640.71137613	0.0	0	437371.0763659712
421	28.478143884213356	419224922.6465754	505603071.36840636	0.0	0	399804.04152543587
422	25.90947425086185	531235344.00666726	486044685.4804661	0.0	0	506625.5035463974
423	32.342490766685394	516406678.24666226	530392590.71257025	0.0	0	492483.78586450807
424	26.645633852259586	527756155.5877712	528359942.6104825	0.0	0	503307.49090935837
425	23.187044058523345	381121251.6622663	540219471.6270214	0.0	0	363465.54914690624
426	20.161844650041157	481178373.9599133	526265654.35721266	0.0	0	458887.45685569133
427	21.597891396195344	408817806.6542592	547656224.2950015	0.0	0	389879.042295703
428	25.641904300808232	476783467.341653	558964065.1724398	0.0	0	454696.1472908526
429	26.29866378867658	509849411.7080959	530449792.9340854	0.0	0	486230.289180847
430	26.469370374664628	467815006.8580118	503812630.63481706	0.0	0	446143.15686989937
431	25.521735489663957	533550082.8800052	556091902.3969673	0.0	0	508833.01055908704
432	20.850415757275865	413458892.5989597	492094301.1061787	0.0	0	394305.1267613979
433	25.048017853173867	492936445.83071965	536939009.4362024	0.0	0	470100.8280093381
434	19.33683127230899	358886485.49366015	512038065.599858	0.0	0	342260.82372060785
435	24.64721507748368	481412742.80348027	563362839.7139044	0.0	0	459110.9684023667
436	25.75666716193733	471709183.86680275	545094476.980242	0.0	0	449856.9334667232
437	29.115279981839013	483939716.2513666	481037600.68724257	0.0	0	461520.87807785644
438	19.724432033914503	499463702.3835678	552454918.7095143	0.0	0	476325.7049403838
439	18.48492270579231	378142713.16750944	587989858.9328071	0.0	0	360624.99348402926
440	20.990271969671944	400474498.2311535	449177078.38770896	0.0	0	381922.24333873123
441	27.52139798564291	488800052.2853256	451547929.8118587	0.0	0	466156.0557225471
442	27.679888227167954	422238939.61975396	424670050.7351444	0.0	0	402678.4321019689
443	25.192921635135985	519696017.89894015	541814045.4174476	0.0	0	495620.7446088221
444	29.224221348663576	534730141.22022057	514213622.5694668	0.0	0	509958.4018900114
445	22.498893085136395	393346405.9688947	529633105.89574057	0.0	0	375124.364823241
446	21.130278372955594	490206699.11098224	546963355.8160509	0.0	0	467497.5386724303
447	23.312315500596302	471028549.8311836	511090510.2876854	0.0	0	449207.83026808145
448	29.565850810684275	497753759.55758685	511623165.05344766	0.0	0	474694.97638472257
449	26.446128733985766	496839014.491354	509948340.67059004	0.0	0	473822.607508997
450	20.434761530570793	441554158.21301246	510259955.65447116	0.0	0	421098.85999013187
451	23.060973548823966	487552722.6062757	451333426.2336239	0.0	0	464966.50944354595
452	26.85162426681716	473393192.60321563	530314917.4025788	0.0	0	451462.929347244
453	23.979006935432295	494597293.16867673	470201647.77668273	0.0	0	471684.7354590194
454	23.3995695077991	493987461.88115144	571481149.3311002	0.0	0	471103.15502276557
455	26.07383321800604	483032519.50780314	403654491.08306974	0.0	0	460655.70784359274
456	19.461245359692125	417356742.63066643	544263966.4695839	0.0	0	398022.40622584
457	18.517758312898128	338525940.4284376	522836766.62200433	0.0	0	322843.4948238731
458	22.622720381696336	474066441.412841	514205829.0271226	0.0	0	452104.9894455348
459	19.944688632214238	419562694.7357985	435495317.492147	0.0	0	400126.16609172674
460	20.43516313703409	408093865.6010973	526898887.3225855	0.0	0	389188.63830671064
461	20.698389242258454	383998042.2062898	476352870.5727882	0.0	0	366209.0704024216
462	27.338804055568005	439200058.6610575	427174192.6707632	0.0	0	418853.8157091691
463	27.74292467812897	486221192.1656306	514155415.2946983	0.0	0	463696.6630607895
464	21.34190289431865	485839364.95529914	490459963.56065536	0.0	0	463332.5242569916
465	24.44470640091352	459519905.67669463	523150590.9925831	0.0	0	438232.3319212862
466	29.225527427042262	534938076.3164366	475446729.1342854	0.0	0	510156.704250752
467	26.940864442687335	504672019.33962363	488567032.9452547	0.0	0	481292.74305307714
468	24.048512974882705	502905000.5902478	486966865.7659107	0.0	0	479607.58265518944
469	25.867252974994674	373497349.045662	496032303.86208105	0.0	0	356194.8290306682
470	22.959669041888855	395006256.805715	535115017.4738782	0.0	0	376707.3219353821
471	25.381424271079265	443223314.94538313	498313051.23726165	0.0	0	422690.69189585047
472	27.84553756681775	477063512.9180736	556829326.0393816	0.0	0	454963.2195645082
473	23.751078022734493	439310718.8525028	547126675.0866542	0.0	0	418959.349491599
474	21.17726846226566	467868984.6656796	488800577.4400837	0.0	0	446194.6341187284
475	26.472855890740277	444417221.1896217	523826763.7676145	0.0	0	423829.28961717756
476	22.294063729633315	504116183.7630779	508880082.6553306	0.0	0	480762.6569395806
477	27.474170618550875	535086177.61586237	474517423.3865217	0.0	0	510297.9446562409
478	24.934252562187588	446477653.238315	526422099.6971229	0.0	0	425794.2707427168
479	21.755226077538634	428512520.2878742	608714359.8173594	0.0	0	408661.3848570578
480	26.92224968958979	448126399.90433586	481750144.06087786	0.0	0	427366.6380923613
481	29.584566178577237	463203540.3274972	488239180.2346877	0.0	0	441745.3196787806
482	22.821550902003626	541206848.6114455	524148057.1215716	0.0	0	516135.07138390123
483	23.87429462072644	356973442.8550701	496274472.59813327	0.0	0	340436.4040899945
484	27.754820021339665	461988138.34431195	523698085.33002526	0.0	0	440586.22202330775
485	23.260936885868535	485207596.6790003	441175609.7016564	0.0	0	462730.0230779651
486	16.421732642494476	319311892.286606	467612931.4014784	0.0	0	304519.55059681507
487	24.446804577402023	493858840.7959218	451909023.5593614	0.0	0	470980.4923972339
488	23.534218101902184	511069565.0298163	490685288.28774923	0.0	0	487393.91806584975
489	25.07000274425088	503918076.8109321	548050896.1149606	0.0	0	480573.7274274179
490	26.34837095728974	492837684.1456127	513588379.65271926	0.0	0	470006.64152680646
491	21.87891618359103	512928405.81138515	500216236.1102784	0.0	0	489166.6467775204
492	22.77607230725246	453770163.28581345	556273461.3524032	0.0	0	432748.95027715067
493	22.306711139254713	519919915.03163666	482497761.1292003	0.0	0	495834.26955379173
494	21.68548065999986	502040670.80574983	502642452.090014	0.0	0	478783.29353880853
495	24.910740021631234	418097620.2301435	500145205.3815291	0.0	0	398728.96216406196
496	17.36383578887824	308046105.81643236	515126188.93772864	0.0	0	293775.6593860934
497	22.523400831704578	513942643.2460917	552890875.2368879	0.0	0	490133.89896973764
498	22.228926733435028	384295952.88730866	528489647.34999514	0.0	0	366493.1801674927
499	23.84333044160641	468837483.2407208	502506193.9458805	0.0	0	447118.26633522095
500	28.522143584160176	463765567.0808819	519793973.24314564	0.0	0	442281.3101586167
501	21.5166240021177	442570822.3819916	507379882.80830145	0.0	0	422068.4264964978
502	26.13155800066615	515457408.03710043	480198602.3542727	0.0	0	491578.49124631926
503	27.638077383347895	460056370.11011547	530886823.1243355	0.0	0	438743.94427310507
504	23.804826235702567	430881645.6593873	541483431.9222515	0.0	0	410920.75887621613
505	20.22997037948963	356208259.1546807	543434110.0385664	0.0	0	339706.66804760037
506	18.79609651604536	333290196.9287491	580919350.298271	0.0	0	317850.3007209292
507	26.520311588858743	505726110.194055	546206048.9672393	0.0	0	482298.0024281074
508	22.18262758614973	442363648.4322829	513828510.1517862	0.0	0	421870.85002163233
509	24.760592980758826	428421295.8544047	458695915.49915653	0.0	0	408574.38645782904
510	27.11637599144249	516003501.8938715	489804616.2808351	0.0	0	492099.2869318692
511	21.543534420393698	445525316.11873394	504477891.82231724	0.0	0	424886.05129121186
512	24.340141503160293	505842295.48255867	542697629.4434911	0.0	0	482408.8053536975
513	23.960017459098303	530101984.9171063	533548644.80540407	0.0	0	505544.6480914176
514	27.554244850235133	535937621.2785833	575251968.1316905	0.0	0	511109.9446092447
515	25.846730140069603	476100970.5012089	486938093.8275046	0.0	0	454045.26758309273
516	26.968096826020425	522258686.5769606	502926345.9682174	0.0	0	498064.69590850896
517	29.850704849674273	486617928.7232921	500465088.2823092	0.0	0	464075.0205262111
518	22.379278673650525	387153249.48134255	502719651.0061103	0.0	0	369218.11054357764
519	28.72384249476291	456051930.454862	522203919.1687225	0.0	0	434925.0130222911
520	23.741673120549397	400455224.18216795	530581113.51282394	0.0	0	381903.8621732404
521	31.087146314681007	541177411.6297423	513410176.8429118	0.0	0	516106.9980904983
522	23.951554698284326	445115359.74120444	528914370.5726246	0.0	0	424495.0864231154
523	26.71399551767192	552066810.4715892	543324147.8489816	0.0	0	526491.9380870716
524	25.059672497246	416709876.00410736	469119876.00633425	0.0	0	397405.50613795023
525	27.40112733808292	497114771.37372345	475461465.18931204	0.0	0	474085.58976528514
526	21.324406289521324	431248738.0178111	487892217.5221523	0.0	0	411270.84543019405
527	20.713690662579488	478035145.6067739	532601943.1245905	0.0	0	455889.8407047021
528	26.253445431614853	473574260.18412375	530385875.3410062	0.0	0	451635.6088486899
529	20.20580996513165	401738535.3155928	516105033.7986755	0.0	0	383127.72304114606
530	24.327332496271136	498631779.601233	561287373.408684	0.0	0	475532.3215496378
531	25.00987739759202	522539734.2349137	541117873.1136775	0.0	0	498332.7238415848
532	24.033482935801363	425495066.1579066	542789181.6483867	0.0	0	405783.7163523737
533	19.134362696113712	367622547.0177111	398233575.27391833	0.0	0	350592.1812226401
534	26.700046127342056	499410838.9200254	553621233.4614925	0.0	0	476275.2904129271
535	26.461804304291395	535561740.2346506	523482975.76969874	0.0	0	510751.4765116221
536	24.08636923807977	405968731.0079292	491058345.1276985	0.0	0	387161.95202629955
537	27.055436000968406	488360819.33077896	470349284.1498069	0.0	0	465737.170534877
538	23.102113442869037	461452937.39316285	458619837.14659697	0.0	0	440075.8146220807
539	22.226695955168736	443319190.96995246	511336660.70893484	0.0	0	422782.1263980411
540	27.519222585628718	526915030.95920414	497102538.46201324	0.0	0	502505.331954197
541	24.71863406404424	460836900.26752186	558380006.2921991	0.0	0	439488.3158374038
542	31.859810913138023	533537146.08196527	498161485.2579344	0.0	0	508820.6730670597
543	23.914890649790262	437590480.2235583	473435023.11629695	0.0	0	417318.8020930846
544	24.941138853802233	478197462.82827365	516197865.727381	0.0	0	456044.6384699572
545	29.180385325092317	477828894.0391956	445516996.9492476	0.0	0	455693.1438819843
546	25.717691281831648	434604434.4350108	580405299.368407	0.0	0	414471.0869169339
547	25.47940172824867	483540609.660471	532252079.45642257	0.0	0	461140.2603726109
548	22.63407450315649	386441286.0375437	601139641.7870069	0.0	0	368539.12929300655
549	22.565380182605818	506531110.3449991	586849663.2978408	0.0	0	483065.71039676573
550	29.738196028620475	494440302.78535926	489808520.47860783	0.0	0	471535.0177625268
551	24.15802919276003	531228219.8675479	536301157.3644935	0.0	0	506618.709437893
552	24.389887941941517	504614868.2026848	472821472.2848604	0.0	0	481238.23948162515
553	22.35639472127724	468886035.83868814	462751888.8051778	0.0	0	447164.5697008973
554	28.830427748809257	515682230.4876614	506609279.1918715	0.0	0	491792.8986431708
555	28.19156166765484	542531157.1037339	556120656.2843481	0.0	0	517398.0303799952
556	29.456773269046685	520074422.69735813	475917241.44178873	0.0	0	495981.61954627815
557	23.469323358737814	504468246.23068285	539152184.478293	0.0	0	481098.4098727061
558	28.35311673178142	517016513.1047967	491024340.31551695	0.0	0	493065.36970595986
559	30.5429743296262	544291746.2540996	537545614.3644438	0.0	0	519077.0590344426
560	26.947530915802602	526631997.0195199	451024870.2918526	0.0	0	502235.4097552488
561	21.902479909194025	381797513.2214524	451200570.52460146	0.0	0	364110.4824270748
562	29.174078435543827	469942652.7190922	473316973.62454337	0.0	0	448172.23808201996
563	23.267690002454348	484649415.6354345	525422507.6048838	0.0	0	462197.7001528114
564	26.658262916088134	513940576.8578164	489010702.161701	0.0	0	490131.92830831173
565	28.128571926507814	516185172.88303864	547903998.0241771	0.0	0	492272.54188827384
566	21.859995381381815	400564187.1898098	476827449.22196853	0.0	0	382007.77739506686
567	29.416887510392883	496248786.5515357	457556288.38375163	0.0	0	473259.7222819668
568	28.09477798322747	445500750.5709625	469428937.46835613	0.0	0	424862.6237592339
569	19.85611935129183	414136256.8981477	553190009.825872	0.0	0	394951.11169638427
570	19.946912111836383	385454309.9321017	495652041.2860034	0.0	0	367597.8755303398
571	21.830958048776257	412854843.77972543	448518488.1104335	0.0	0	393729.06091663876
572	20.070240156437468	381946279.03872174	531622666.47689867	0.0	0	364252.35656616365
573	26.36106761972487	447701058.9565164	523085382.6935909	0.0	0	426961.0013547102
574	25.244199119674477	441876955.0116594	555386514.1201295	0.0	0	421406.7030064195
575	25.27498350647267	526884732.8786362	493708670.58205277	0.0	0	502476.43745292275
576	24.720963574943546	455436749.07855946	526075817.6175595	0.0	0	434338.3303437798
577	30.579366123578072	521584767.69297606	519478428.95993626	0.0	0	497421.9967775118
578	26.46041716395506	508955258.6903676	485189720.3763124	0.0	0	485377.55841290246
579	25.36413287488408	504291045.99630165	493170513.99266297	0.0	0	480929.4185603159
580	19.986645679316258	489974690.8078023	478745794.01389337	0.0	0	467276.2783124948
581	26.76317086434609	523961506.8359282	504931194.28233165	0.0	0	499688.6318549425
582	24.186321781125773	354490834.64549416	576806342.7335007	0.0	0	338068.80440282257
583	25.297148495063475	417558856.96909416	573877038.7380346	0.0	0	398215.15747937583
584	17.031490514316918	395634114.218512	515074284.6138123	0.0	0	377306.0934243314
585	26.21058791638601	502483927.3704234	550659091.1478944	0.0	0	479206.0159401164
586	24.108162357035436	448273382.2993046	465422616.53240937	0.0	0	427506.8114274067
587	26.81060027658218	536302258.49582136	520188367.50941604	0.0	0	511457.6897581305
588	23.191559421924804	473678728.5430644	535649749.7087879	0.0	0	451735.2376394886
589	24.4051405379447	468627886.9879207	526349042.9164412	0.0	0	446918.37977211043
590	26.96964353077328	531815630.1160617	597573981.2683495	0.0	0	507178.90750509425
591	23.882595866101607	474071281.98491913	446378721.9277747	0.0	0	452109.6057748022
592	26.9192519633172	490189272.9142819	445918872.86627394	0.0	0	467480.9197562046
593	28.682314555735516	453599528.4701571	561438728.9627618	0.0	0	432586.22023597406
594	24.85475686901111	442152184.6469162	528193038.82569253	0.0	0	421669.18244067783
595	25.541320139117257	411440721.5380259	545932139.7880948	0.0	0	392380.4488544712
596	20.731861653533123	501923233.7843026	513753942.9153173	0.0	0	478671.2968676589
597	24.37100486491247	496148778.9780702	546958105.8039775	0.0	0	473164.34762770677
598	20.292327117015052	406738206.33350366	547960604.0406023	0.0	0	387895.78088140837
599	31.18772685441635	531832169.2971199	531235303.4712358	0.0	0	507194.68049728376
600	24.83531876946734	456262762.53381026	535759817.2005748	0.0	0	435126.0781610586
601	26.33167781137402	441075766.24398655	479976261.60579807	0.0	0	420642.6298560969
602	27.93576153406017	467633428.23980373	548281064.209563	0.0	0	445969.99000530597
603	29.61264609005184	502195996.958051	523812358.8221645	0.0	0	478931.4241009243
604	23.331208000853984	403749691.9171406	498091473.2057023	0.0	0	385045.7114383131
605	23.925441019547083	422440715.93739074	498740060.87533474	0.0	0	402870.86099375784
606	23.074312789499995	391765446.6622583	516970247.15998125	0.0	0	373616.6445372183
607	23.327254689938236	412120027.5255476	522255299.0760177	0.0	0	393028.2855277516
608	28.10571908103849	462101099.1497337	482073867.35687023	0.0	0	440693.94984219904
609	23.48397821594286	406585780.0701042	485836107.1263014	0.0	0	387750.4158688584
610	23.1472334498973	523252830.301718	550394314.6632066	0.0	0	499012.7852456263
611	22.22363345040033	346989097.3889558	579451892.5849636	0.0	0	330914.5902528343
612	22.257072645270647	466115689.28216815	438431422.68220234	0.0	0	444522.5613423997
613	26.741759110484267	459021193.63165605	469980809.0556034	0.0	0	437756.7230526506
614	26.83040852527926	514139375.7805438	513616527.3044853	0.0	0	490321.5177350461
615	25.324809792139025	490608953.32359505	500267025.2947786	0.0	0	467881.15818366536
616	22.564792289825608	516804969.59441364	526077865.7323674	0.0	0	492863.6260933051
617	24.232561111141226	411545577.2380244	535892466.2229675	0.0	0	392480.44704248867
618	22.328300182047645	335714867.32474625	515796153.6362078	0.0	0	320162.6466033422
619	22.23662946881329	268499902.12271523	476356316.04961413	0.0	0	256061.4606120254
620	24.052727541443232	402468536.72646207	482667636.68845695	0.0	0	383823.9066376324
621	25.828888550223773	508527469.2619833	473583281.0408804	0.0	0	484969.58662222215
622	20.749852441244226	330295918.6517635	505371350.5859964	0.0	0	314994.73443199496
623	22.75496795272938	498788118.07863	529831783.8642013	0.0	0	475681.41754019726
624	24.045991612124784	474404764.98019433	490967554.4451192	0.0	0	452427.6399423545
625	22.992618259129443	481357353.0322977	532957943.15092295	0.0	0	459058.1446001984
626	25.627652385488997	451085907.51230067	503016030.7195958	0.0	0	430189.0444872863
627	27.8275377467405	489258251.8971801	534753226.8768319	0.0	0	466593.0289241601
628	24.772259115599265	472128384.7460857	468811590.4249668	0.0	0	450256.7145787103
629	27.74713242907811	449451449.49768823	462642655.8131716	0.0	0	428630.3038575061
630	24.04141260486521	424103681.19523144	553046639.6875689	0.0	0	404456.78824923665
631	24.28580530219019	471459345.0793369	537970903.014155	0.0	0	449618.6686318748
632	24.842682780976986	462572247.51032066	543192334.4364973	0.0	0	441143.27193290764
633	19.606850818128443	435815175.02878666	479378580.1923285	0.0	0	415625.73912504833
634	27.74360224986213	501408165.5889186	498617945.5954044	0.0	0	478180.0895585236
635	24.79064116444848	413166782.8383382	506983288.8663091	0.0	0	394026.54918512155
636	25.56643606280625	487172898.23458	554905493.2325598	0.0	0	464604.28069551446
637	25.978760677554856	491358395.51094717	551723027.0837911	0.0	0	468595.88194937434
638	25.714159901838475	518538486.2561045	480377717.00199926	0.0	0	494516.83641062217
639	19.878512226703563	361970760.4783801	505578063.890782	0.0	0	345202.21755826945
640	28.17368180073784	451615064.7792324	507704046.06853294	0.0	0	430693.68818209873
641	25.62004496209933	449197172.70984685	524964980.61846626	0.0	0	428387.80661568325
642	23.166160273604735	476220177.14254445	505028614.0099675	0.0	0	454158.9518952794
643	26.75144454364026	497285273.61794263	474747964.3085193	0.0	0	474248.1933764864
644	25.029763660604917	543098141.3400353	551278713.1585953	0.0	0	517938.7486839631
645	21.604184357153933	457508025.73691016	499791936.3499824	0.0	0	436313.6536950208
646	23.193311275696935	411138547.0301826	518780060.3810822	0.0	0	392092.2727872682
647	23.19792293785185	505468554.5764982	598931962.2384694	0.0	0	482052.37825059716
648	25.9274057723445	528577770.6535744	497690044.3326533	0.0	0	504091.0440955873
649	24.638799352125375	472237248.66956955	563662546.4006995	0.0	0	450360.5353065199
650	24.866496393667035	449515560.6673067	539963952.2909342	0.0	0	428691.4450333661
651	26.591313608071236	544612509.9459192	536589324.85732603	0.0	0	519382.9631289665
652	21.59773866259738	505249598.9443383	508184587.3903134	0.0	0	481843.5658877737
653	22.634651173229994	492123924.3447104	486465028.5730048	0.0	0	469325.9471366028
654	21.13063447305474	511863523.3164282	528848890.5882493	0.0	0	488151.09569208894
655	28.292664145188848	508599233.52123046	501482118.2890667	0.0	0	485038.0263531023
656	24.35053857635557	485812816.383355	444843659.2924328	0.0	0	463307.205565791
657	23.94049946993397	431639423.4567366	544395580.0066553	0.0	0	411643.4320990912
658	24.662633937787845	504768382.74365354	562816818.3640453	0.0	0	481384.64235654206
659	21.479225020210883	450337047.2772124	620158446.348254	0.0	0	429474.87571450457
660	21.847496903825228	502998438.2797101	557293501.8014607	0.0	0	479696.69177981396
661	25.469376685182308	477079675.0375297	507533749.8033098	0.0	0	454978.63296273176
662	27.603999715601425	471599096.9539432	576945070.309732	0.0	0	449751.94640535663
663	26.59787195363097	515987334.92794406	578651496.5976111	0.0	0	492083.8689116895
664	27.982406107255727	507517748.83565086	439062427.19230944	0.0	0	484006.64218487806
665	23.72869541869821	418333921.0021789	479845754.1912924	0.0	0	398954.3161412991
666	21.635313062369125	412035050.0836555	500917903.8184909	0.0	0	392947.24472394504
667	25.293215577037255	446029854.46118414	577953205.5243782	0.0	0	425367.21655004896
668	25.010749235319857	462416524.0312598	507720053.07162917	0.0	0	440994.76245046593
669	28.88796790653477	529703856.07811624	512827765.6792407	0.0	0	505164.9628430523
670	27.156050990661445	533426369.7922325	579929280.5169762	0.0	0	508715.028564675
671	26.9940454271384	447786206.32676077	519391293.2307429	0.0	0	427042.20421482174
672	20.18429186371917	419404906.3124034	562021514.2879186	0.0	0	399975.68732490845
673	22.653653695480674	411370033.6365739	535989547.1298196	0.0	0	392313.03561837564
674	22.383782564528083	382669711.05087334	559746007.6494753	0.0	0	364942.2750958188
675	21.540473765638197	452631577.0556013	462414237.30559176	0.0	0	431663.1098323834
676	22.700213559281984	388802929.981275	518446593.4663677	0.0	0	370791.3684666394
677	24.12726278001119	422572175.5570641	449798726.61225814	0.0	0	402996.23065668496
678	20.23236287472124	378063368.89020216	458748545.1060347	0.0	0	360549.3248846076
679	22.99944011728134	438673447.9172529	491949914.7279197	0.0	0	418351.60056805913
680	25.425766589202784	511545691.457867	496235189.469432	0.0	0	487847.9876116438
681	24.90824391059251	488081197.12334955	514211519.19307745	0.0	0	465470.50201735477
682	24.338477956241928	526416866.38073176	509385289.5720389	0.0	0	502030.24519036454
683	21.310406736447316	459468806.7974632	457220860.2705027	0.0	0	438183.60023256607
684	24.213943007207995	551962861.9889308	492177742.726243	0.0	0	526392.8050889308
685	24.51788531479756	413953893.7824045	589453576.4921392	0.0	0	394777.1966766401
686	26.57912463793508	432106279.31817776	576515394.4887203	0.0	0	412088.6605436114
687	23.25172389471324	505897469.68874764	515954384.84434664	0.0	0	482461.42357706814
688	24.925243895886915	462443009.5003812	521414744.5680429	0.0	0	441020.0209621251
689	25.525009214666532	483232754.9504455	596307897.377286	0.0	0	460846.667242475
690	26.125403389896412	530948091.6925746	523759066.5336487	0.0	0	506351.5583921189
691	30.023360040402977	513761377.65041167	509159836.2129504	0.0	0	489961.03062668943
692	22.946076932220322	366805541.271388	461517539.72868335	0.0	0	349813.0238260154
693	27.648520132921295	553499429.2541909	474129299.5782531	0.0	0	527858.1898252402
694	22.652811567364026	467950339.2851624	505032036.32502437	0.0	0	446272.21992984996
695	27.810139118647697	548256269.4397618	589002791.5070537	0.0	0	522857.92297340545
696	24.00407698605347	435710528.53161484	502851890.54840356	0.0	0	415525.94044839375
697	26.16375478813711	529527407.74142843	545159291.1603124	0.0	0	504996.6885961802
698	26.788190331718297	515676241.93398035	564353405.7081088	0.0	0	491787.1875133329
699	15.765993246800228	386483900.8510072	491150249.9797912	0.0	0	368579.76994610514
700	24.340262681621088	510843750.91336185	551579751.3529066	0.0	0	487178.5649427049
701	23.529970796342436	477798375.57870394	570074411.5082653	0.0	0	455664.03921003727
702	24.044679105906898	444021363.83311844	533504799.0529825	0.0	0	423451.7706233201
703	23.583443979177332	472055504.0116876	534634840.9942223	0.0	0	450187.21009415406
704	25.725877299354043	437989355.46189463	502510859.4926594	0.0	0	417699.19916333637
705	24.107089061939938	456301931.14866257	490247509.2620567	0.0	0	435163.4322630523
706	26.96518370340216	469940517.4084908	434258860.54966545	0.0	0	448170.20169114193
707	22.915592126174094	398985031.426657	526352202.1057788	0.0	0	380501.77710214327
708	25.895682552483365	428588302.509658	438561973.3038734	0.0	0	408733.6564156131
709	22.043752382826547	436698808.41720474	493609850.3240194	0.0	0	416468.4375927017
710	24.209285616673615	430955284.5133731	525324944.4806381	0.0	0	410990.9863599523
711	27.49637379064882	474413567.2031854	529638746.6398861	0.0	0	452436.0343963484
712	30.438770065234873	532534711.62014717	450100729.6606099	0.0	0	507864.6770669435
713	24.073509265531875	480369411.6218176	529861166.05771226	0.0	0	458115.97025090945
714	20.838083119987118	428260201.4330652	488546998.50651723	0.0	0	408420.7548456814
715	24.8723282180873	424703008.8319452	442254526.01925856	0.0	0	405028.35162348277
716	25.781246755466913	479745186.7576599	510783726.98751926	0.0	0	457520.6630303003
717	25.641447085502445	529085442.24745595	501945112.00104666	0.0	0	504575.19745584094
718	26.2292317493162	476331108.8343701	436385228.4849409	0.0	0	454264.7446006488
719	26.007081480495938	447509064.0372867	466434022.79838705	0.0	0	426777.9007313599
720	25.177676186947277	469702563.8368961	555132261.608952	0.0	0	447943.27148141473
721	18.646864631018236	407800105.5270067	478517162.21548545	0.0	0	388908.4868688648
722	23.77184294604566	481050740.30430555	469694458.0142133	0.0	0	458765.73591642914
723	28.42494395576835	510602860.72358835	497812190.68691444	0.0	0	486948.8341556437
724	24.262442520495338	511423248.94043	493769565.91659683	0.0	0	487731.217327528
725	25.60287851631853	455075153.5745101	445850767.49768764	0.0	0	433993.48599864024
726	25.248481000618142	505698090.0070412	523729486.5550658	0.0	0	482271.28029541136
727	27.83519098672644	435909858.92822313	595697125.2617042	0.0	0	415716.0367281181
728	25.159942363759555	457422732.5220572	510000360.36001354	0.0	0	436232.31174665166
729	24.389633481754327	328379047.7963091	503809261.10645413	0.0	0	313166.6639292803
730	16.980100130660357	391476993.2090418	532545358.9259186	0.0	0	373341.5538874072
731	27.67821831450368	536317180.263475	515247437.71372676	0.0	0	511471.92026469694
732	25.111391777860383	480040937.4852683	457688317.21472514	0.0	0	457802.7129032787
733	30.75981753905166	518224413.7370972	507741544.5107976	0.0	0	494217.3135157558
734	22.809555097308973	410780719.5443907	524413563.8264035	0.0	0	391751.0219043644
735	22.435397187588432	455033789.18431437	523581425.7310952	0.0	0	433954.0378420967
736	23.076561463231762	458703626.9964407	481340311.2724108	0.0	0	437453.8679088981
737	28.217616271465428	527506020.2815236	581750213.4115397	0.0	0	503068.9432921633
738	23.892282402044728	450359926.6437339	477397927.77111626	0.0	0	429496.69517873164
739	27.193428273603143	517733106.5546984	480315245.0347891	0.0	0	493748.7664744361
740	20.25207458505499	470748814.3889045	451087017.1958437	0.0	0	448941.053761391
741	28.13215030084132	507674269.48148686	498992801.59682393	0.0	0	484155.91190479917
742	19.217126316049217	351146972.8477678	554565064.2524128	0.0	0	334879.8492887187
743	27.336982038344683	461543702.15075773	527409885.1613723	0.0	0	440162.37464023376
744	23.027784976162053	489394902.04495144	618398772.696482	0.0	0	466723.3486604225
745	24.812977836475667	523593468.93203276	517593545.6465727	0.0	0	499337.6435585336
746	29.039880259581114	514456558.3441517	532828058.70155805	0.0	0	490624.00659957103
747	22.821112516256616	540914849.073691	498291037.94015366	0.0	0	515856.59892434196
748	20.710423711612687	376197988.3693556	481908023.0537014	0.0	0	358770.3593915516
749	22.08708380208396	453357879.61153525	518139393.4024166	0.0	0	432355.76592591783
750	20.631255115575392	478102877.24885124	491519654.53406906	0.0	0	455954.43463215925
751	22.122108935290758	423370903.26903576	488724763.38914526	0.0	0	403757.9567613942
752	16.9413533833729	292607990.9882745	431447600.23412424	0.0	0	279052.72578074894
753	28.79401384545838	554011871.9832866	510788621.41954815	0.0	0	528346.8932946079
754	25.72770456724893	468572074.7053144	524882441.0026538	0.0	0	446865.153031649
755	19.47321776444237	408441276.641292	537374507.1426165	0.0	0	389519.9552929801
756	21.872173965248347	467591404.48574334	535764967.3779037	0.0	0	445929.91303037945
757	25.529058671161554	500167035.27603316	502016086.3640279	0.0	0	476996.4554558114
758	28.466324031369584	500607488.87229216	549361691.774176	0.0	0	477416.5047381326
759	27.495260458579757	467415531.7250886	499225799.70790005	0.0	0	445762.18769558787
760	29.05556022063566	517939049.7152265	546413562.7416219	0.0	0	493945.1691772714
761	25.957212282001738	468310004.86059695	514245195.9959413	0.0	0	446615.22375163744
762	29.0610274256902	503153772.57060176	451136714.7737588	0.0	0	479844.8301034943
763	20.428391766980873	446172635.71455175	550054063.5816396	0.0	0	425503.3833642499
764	20.714674644420146	475705521.89368075	549102262.8343809	0.0	0	453668.1384026342
765	25.70499416685324	509794303.3145669	515313352.407778	0.0	0	486177.73372132005
766	22.87407578167637	464004926.8099984	506010508.2670091	0.0	0	442509.5813846573
767	25.053863088767127	499612833.1180005	523795579.515109	0.0	0	476467.927091599
768	23.026572430596882	536048326.7405385	561473172.7536772	0.0	0	511215.52156499744
769	27.23318404587918	491833191.9607258	517884865.9404894	0.0	0	469048.68312904914
770	23.614126294412895	464621770.0781076	496126269.58305967	0.0	0	443097.84896670125
771	28.584295983901367	540536660.5507897	547777869.7216321	0.0	0	515495.9302432915
772	22.35692054026694	445066975.97841	520417003.6113664	0.0	0	424448.944071207
773	26.32199586883874	474734341.45781726	516742049.1458673	0.0	0	452741.9485643549
774	23.341190127576898	505918773.24186337	574559483.1794115	0.0	0	482481.74022852274
775	22.619508325438243	520025283.8204056	482971218.174706	0.0	0	495934.7570613916
776	27.914879512935055	514006091.63564074	490382681.63481414	0.0	0	490194.40806926804
777	29.42253911694446	518408578.7623589	503297644.24273586	0.0	0	494392.9469703282
778	24.41448429939471	507681375.7087121	551950401.9334837	0.0	0	484162.6889311906
779	21.942497008138655	304206103.32196975	506141098.69606674	0.0	0	290113.5476321886
780	19.30198208149039	281401604.6526751	444343811.38240546	0.0	0	268365.48295276175
781	27.723119217173906	502696736.68276113	524740491.7682925	0.0	0	479408.9667155846
782	23.37471919770261	458532279.4338811	539727532.0401561	0.0	0	437290.4581393062
783	25.497195217173566	517012600.9414788	478810987.75303227	0.0	0	493061.6387762821
784	22.230208923947373	503171553.7613585	505698487.7763589	0.0	0	479861.7875684342
785	25.770691918759297	504182390.5429691	508273204.32861143	0.0	0	480825.7966451349
786	27.73126748909574	523890634.79830784	493847569.17988586	0.0	0	499621.0430129124
787	24.42426294356215	470977803.9913204	559414359.0224934	0.0	0	449159.4352639392
788	28.729662758534943	528937525.84207326	538815345.1549392	0.0	0	504434.13337905233
789	23.492494864991816	523280859.7819995	549633615.7296346	0.0	0	499039.5162410732
790	26.93933433456451	495809191.5717228	509734778.9191485	0.0	0	472840.4918400981
791	25.247705955637027	456099363.64567107	516232846.94399303	0.0	0	434970.2488381109
792	30.341481285417107	529715367.9906567	541268674.8743502	0.0	0	505175.9414583747
793	25.588320551716066	441969939.2980176	535705906.7693864	0.0	0	421495.37973214895
794	23.97048000052951	458516057.87153554	491460139.5863293	0.0	0	437274.98805192526
795	23.232669733746455	482566346.5667374	501478640.21779245	0.0	0	460211.1306826949
796	22.942557487884546	397398709.5000062	490487284.4337004	0.0	0	378988.94262314425
797	26.186475446306808	516409575.26754093	500614804.29757327	0.0	0	492486.54867891385
798	29.33501628592447	516927621.1238984	416344282.1793544	0.0	0	492980.5957068428
799	30.464752082755698	539832098.258878	512628308.2226254	0.0	0	514824.0072811869
800	22.344110752436173	509859084.79405993	499933925.54534394	0.0	0	486239.51415449136
801	21.40039013657438	495657709.2492007	465569915.32764685	0.0	0	472696.0270397194
802	24.92884351455325	450578213.4347049	553373715.7516716	0.0	0	429704.8696848915
803	20.436341159162815	352447449.9987605	421995854.9842992	0.0	0	336120.08094669407
804	28.81341688686575	515892996.96729016	542800041.5655124	0.0	0	491993.90122155205
805	20.259504752356637	382901649.27987015	454169813.096946	0.0	0	365163.4686278058
806	21.164166406611873	493260176.9768661	426249553.9848987	0.0	0	470409.5620888386
807	25.65231444961136	455793950.6691678	497932686.93849957	0.0	0	434678.9843265225
808	21.838307440144145	439840921.1367504	472952268.23342186	0.0	0	419464.98979258566
809	25.56936586220874	529240004.5986424	425380881.602857	0.0	0	504722.59960045095
810	24.216302915540336	503839720.9655092	518284113.7324345	0.0	0	480499.001470098
811	28.793545972032703	424146203.07181215	524940078.6977963	0.0	0	404497.34027081705
812	21.460088539012716	340201529.19315654	526009122.14607	0.0	0	324441.46079364454
813	19.214956908148135	496674366.968484	560431349.6661787	0.0	0	473665.5873951758
814	27.266558956258375	491940158.8683402	483835897.32714283	0.0	0	469150.6947215465
815	22.183793382440562	419137192.4509144	556049611.2922969	0.0	0	399720.37549106067
816	22.685990939301945	404083419.643739	557631808.9636909	0.0	0	385363.9789998427
817	26.388079345430832	490289958.17150706	555110123.1306635	0.0	0	467576.94070006086
818	21.41011372657864	394847492.26962835	497219779.2616557	0.0	0	376555.9122749599
819	26.491432307911843	533502169.00181603	517438730.75996673	0.0	0	508787.3163240585
820	23.2898424042178	545011633.451387	545150904.8878626	0.0	0	519763.5969652052
821	22.75244844710971	469905317.1147239	512641066.444105	0.0	0	448136.63207504665
822	22.547591333645556	528320455.41887283	450142469.872771	0.0	0	503845.6491650322
823	26.932420558798114	502678564.9689961	421019302.6756853	0.0	0	479391.63681888196
824	22.52305176534457	428527341.6482171	504629308.3935289	0.0	0	408675.5196077511
825	24.838779606483218	511936479.9825369	546214218.6450027	0.0	0	488220.6725907676
826	19.818928214090356	382161031.35341614	487548137.7640387	0.0	0	364457.1603330767
827	31.013242932280317	482694127.4047498	483065896.24747634	0.0	0	460332.99198603607
828	22.592471593956716	528898775.1208869	493793277.2049255	0.0	0	504397.1778115149
829	25.734674315683243	528798945.2574311	520008996.30454665	0.0	0	504301.9726347267
830	29.617775995962024	527774920.4128449	540091338.8029803	0.0	0	503325.38644108275
831	25.783957743189124	516968551.9930502	506603949.619212	0.0	0	493019.63042550115
832	25.441922588855483	444810246.04357874	502451129.44854194	0.0	0	424204.10732610576
833	21.965673359473154	438857164.1892296	574955731.8946137	0.0	0	418526.80605814897
834	23.58258216463167	511523843.87785727	498843367.68504405	0.0	0	487827.15213571285
835	27.474365465835056	492492959.03019446	542861044.24281	0.0	0	469677.886038012
836	21.28809564842939	492173020.30145526	503614486.37437767	0.0	0	469372.76868958987
837	24.55589186058125	386702935.67195064	547466130.2996488	0.0	0	368788.6578292375
838	23.02729246021011	463249944.56032664	490504182.6713967	0.0	0	441789.57420380256
839	25.365571264836838	442149469.96096325	470426351.8074918	0.0	0	421666.5935144073
840	30.15911348191071	538102282.2249433	512271877.86868507	0.0	0	513174.3261575156
841	26.958776941128992	480414094.29087675	519955826.8491376	0.0	0	458158.58296477963
842	22.055629906638806	370275076.9692586	572788506.9362124	0.0	0	353121.8309109292
843	23.276632576847227	420189614.66882896	455899740.5450877	0.0	0	400724.043530301
844	21.483405250216386	438338690.01216125	491829210.7291559	0.0	0	418032.3505517589
845	30.463733801376865	502069697.55087733	553132563.9569743	0.0	0	478810.9756001257
846	26.23309385649604	527338536.4268784	519572370.9288818	0.0	0	502909.2182415757
847	29.43313088783203	504206412.3292717	533427850.0365883	0.0	0	480848.705605766
848	21.710138168301487	385385842.63827074	544717701.8387982	0.0	0	367532.5800306995
849	25.657518341513995	485065765.8491117	522785470.4792519	0.0	0	462594.7626582256
850	26.174811549352675	529883099.3547951	487696891.9314698	0.0	0	505335.9025524091
851	20.522062189047	329933371.18608314	480002485.15870297	0.0	0	314648.98222549725
852	24.115302059115667	475135366.2346858	525142443.3608392	0.0	0	453124.39559429727
853	23.637472975106434	463427359.32665217	503993078.93685544	0.0	0	441958.770109799
854	26.26835413018985	533495453.05969584	480998017.32667804	0.0	0	508780.91150254797
855	28.93143017998249	537880266.7837427	519888653.04280794	0.0	0	512962.5957333973
856	22.5237454040484	362620503.5688896	543702556.4389762	0.0	0	345821.860855951
857	28.63527112393196	433289398.992395	518718606.724808	0.0	0	413216.9713901473
858	22.62030792212631	361748553.99905384	504044617.63003963	0.0	0	344990.30494599714
859	27.71750936066046	465296174.7038537	527882600.0784591	0.0	0	443741.0113371408
860	22.372320602165367	362797912.4949144	540992175.26385	0.0	0	345991.05119220197
861	24.656746552727263	489941565.15415645	528777531.28396326	0.0	0	467244.6872273982
862	26.676657511922294	546906583.9291313	537727706.6713842	0.0	0	521570.76256669156
863	23.85176684437	468501367.7164917	449904721.08004946	0.0	0	446797.7215924182
864	19.609565276440534	516384482.3405396	477497284.9173212	0.0	0	492462.61819890945
865	25.247814426429837	521635107.47434783	484631288.6212147	0.0	0	497470.0045340993
866	30.227332311497868	532719186.44768375	528098622.9808152	0.0	0	508040.60597198864
867	26.524340602437405	471341031.7191566	495036232.7549714	0.0	0	449505.83621898334
868	23.90070240420558	495790433.26787984	465997384.43264186	0.0	0	472822.60252750356
869	30.950026936773924	536447895.2602084	599693649.6024876	0.0	0	511596.5797998507
870	20.696428367255617	365611875.2089049	478821407.02059394	0.0	0	348674.65515985957
871	23.500300392681485	416829557.0612992	516611309.06449115	0.0	0	397519.64288835466
872	27.183825188780908	526291526.48977023	430532682.4009248	0.0	0	501910.71175553364
873	31.642402797802557	535362600.1410635	524071278.02397764	0.0	0	510561.5617190012
874	20.610160114945778	455620576.19459283	534620773.2448204	0.0	0	434513.6415430001
875	26.365173551478353	525998962.5771119	544699359.062188	0.0	0	501631.7010661238
876	25.048128264704335	519408986.65668666	556028965.5349716	0.0	0	495347.01028507866
877	22.99737293568953	386734948.9992878	512166888.2879257	0.0	0	368819.18811730173
878	23.267105127594974	511722942.3129201	517817766.1383486	0.0	0	488017.02719966904
879	26.43575158117838	505378552.41947585	473389970.6794877	0.0	0	481966.5455050238
880	21.350454805021982	440893918.24681395	489516204.6818816	0.0	0	420469.20609170344
881	23.37788479748964	451703326.83016884	479885973.51763254	0.0	0	430777.86143319024
882	26.300139418051835	502784255.6543039	516943516.536361	0.0	0	479492.43131094327
883	23.26641697691032	505817338.5190562	478517734.55307007	0.0	0	482385.0045385896
884	19.201126158351933	389540889.0714473	527514466.7128483	0.0	0	371495.14109749545
885	29.840802340095475	526645463.70923746	530304779.1552862	0.0	0	502248.25259135966
886	26.175911193040317	487486207.101548	474206353.22971255	0.0	0	464903.07531504415
887	23.986625595772466	511306097.84995204	517043285.92197007	0.0	0	487619.4933414001
888	28.10854424660635	506178736.1708039	523542348.51250446	0.0	0	482729.6601970711
889	25.67971369923953	451047115.7560968	507882406.25083065	0.0	0	430152.04978570645
890	21.479234312812217	485857730.63146365	526524115.70455545	0.0	0	463350.039130653
891	22.3202791362168	483559869.7949641	577223966.6427506	0.0	0	461158.62826820766
892	27.37413834564916	523835487.9327221	505839746.704137	0.0	0	499568.4508635732
893	22.77836364176752	440781188.4492773	541171093.0705866	0.0	0	420361.69857909885
894	25.240171967689903	440283756.5113117	505501577.2548986	0.0	0	419887.31051570096
895	22.960605131154722	486787873.1856992	440253393.82882917	0.0	0	464237.09219522396
896	21.292794951291192	390337476.3977361	513586396.16498303	0.0	0	372254.8259713517
897	23.190536193225796	494477850.6122401	545577312.0870711	0.0	0	471570.8261606596
898	21.29423456342185	496664317.1467394	510908869.9394658	0.0	0	473656.00313829374
899	21.335382872269985	476135075.22236013	547937088.4890217	0.0	0	454077.7923797227
900	26.372504677188033	508462194.64356476	535362651.21998394	0.0	0	484907.3358951232
901	31.031388481842026	533797186.6760301	539774006.0401627	0.0	0	509068.66710284236
902	26.676951805791425	474758538.49532443	574314615.1187844	0.0	0	452765.02465755877
903	21.797047861363588	505476345.41058433	407934654.42935246	0.0	0	482059.8081689684
904	23.50426211286231	511752929.44105333	496428127.9658212	0.0	0	488045.62515359226
905	25.940491692356648	493653311.9169398	465503508.90685344	0.0	0	470784.48478406895
906	27.620980595775496	512030133.2538668	567456013.5541844	0.0	0	488309.9873102823
907	24.676562227252795	526708439.7968514	502611161.7796248	0.0	0	502308.3112686648
908	22.66051667460854	456641411.67090344	516556877.88140327	0.0	0	435487.1861180339
909	20.91405683569797	393121691.9935841	488976683.05621153	0.0	0	374910.0608764497
910	26.26432967720106	529150895.02211535	527486759.2757348	0.0	0	504637.6180859714
911	28.661909874906687	468626465.41458756	524573096.5301037	0.0	0	446917.0240541339
912	23.84767216644876	491918426.69207066	553018771.5164572	0.0	0	469129.9693031987
913	25.132936276109394	441447342.9511338	510648199.09429514	0.0	0	420996.99301827786
914	24.60165656974599	477559547.03722554	472060259.8392588	0.0	0	455436.27456400444
915	27.25674170294523	531041092.99532884	592869030.4022712	0.0	0	506440.2513459481
916	22.269258806460147	497455690.79286647	522712125.9066863	0.0	0	474410.7158592858
917	20.131846043936363	435095338.7222691	451849667.744845	0.0	0	414939.24972750567
918	19.761127574134484	440872913.1183854	544405291.1572782	0.0	0	420449.1740402084
919	22.618223729495224	373725238.0023103	479121649.1888345	0.0	0	356412.16087561625
920	24.53599620732025	402886833.8081818	477061781.43014324	0.0	0	384222.8258210964
921	23.029749694264414	492333168.0907885	477109256.843141	0.0	0	469525.49752310594
922	31.103684498753676	490377009.9733789	532318114.79672194	0.0	0	467659.959767703
923	25.360795599273935	500781647.8903302	494496627.3272691	0.0	0	477582.595720606
924	21.54715264319056	466106671.79804385	504835716.59701204	0.0	0	444513.96159939194
925	24.959078053560162	456616812.5861023	460919760.63730955	0.0	0	435463.72660265205
926	25.26183279343916	508777452.88530225	528911297.7144974	0.0	0	485207.9895833038
927	20.359720278929878	361197900.8123832	531355579.040565	0.0	0	344465.1611446222
928	29.843520830522735	539822143.123817	551837746.1924741	0.0	0	514814.51332456316
929	21.40590009431316	361718649.98133516	540870615.3954833	0.0	0	344961.7862523414
930	21.057040980172395	482536414.0901044	552777758.2904257	0.0	0	460182.5848485035
931	23.766657283590153	434912254.71398675	526037548.22371304	0.0	0	414764.64721106226
932	20.0057960258595	434582224.5333722	543515453.9201887	0.0	0	414449.9059041712
933	21.599586678506057	479192855.57228214	465438545.0990393	0.0	0	456993.91896465496
934	27.308299774061886	472836455.86832255	534349949.9419371	0.0	0	450931.98382217664
935	20.23032907424623	416556039.16408855	581826837.3448486	0.0	0	397258.79589470703
936	27.83349565904561	504227938.16876715	459381821.19054943	0.0	0	480869.23424603196
937	24.214648604283532	449691920.2339285	447151635.94431454	0.0	0	428859.63462250563
938	21.588459090405816	445646440.7242093	466103754.71009135	0.0	0	425001.56471653853
939	19.177748846009823	430018320.88580555	489109387.17927265	0.0	0	410097.428212934
940	29.055150354143098	510388169.80586666	547750277.1371356	0.0	0	486744.08894144685
941	20.910806279118834	387399952.1149094	556831732.3999455	0.0	0	369453.3845090003
942	17.077950866889147	369875511.5099829	484234369.78886306	0.0	0	352740.775594695
943	19.940205606406064	442032593.0271384	484668075.4268566	0.0	0	421555.13098443835
944	24.622681809506112	494158086.4842752	522951338.8086969	0.0	0	471265.8753245119
945	18.873769749747176	421520595.0327313	492633150.55799574	0.0	0	401993.3653189958
946	24.950160003463555	494067243.54467887	457415283.66837704	0.0	0	471179.2407461919
947	21.73388360904061	425715347.77372056	503904566.94324446	0.0	0	405993.79327175196
948	21.28668306719584	498797159.5207148	573965059.9029956	0.0	0	475690.0401312968
949	28.67934655175086	511001615.1407024	538370350.8427556	0.0	0	487329.1160017989
950	18.225175656989357	414777828.6864113	496815754.74016166	0.0	0	395562.9622329819
951	20.01737853149582	449108679.50650525	537293734.9582951	0.0	0	428303.4129204798
952	19.87324971120544	461101729.02672184	540381330.3956037	0.0	0	439740.87622329884
953	24.227084578816875	450319643.0662087	494130573.3588298	0.0	0	429458.277765473
954	24.14831080146357	408314913.20349693	506737577.62028354	0.0	0	389399.4457278224
955	21.983090561754338	468368581.5418399	524601893.0041321	0.0	0	446671.0868280792
956	24.61926502844578	480031265.6551117	546055271.2675362	0.0	0	457793.4891272653
957	19.17914979033461	386669612.26204044	456162152.9014072	0.0	0	368756.8781490711
958	25.412211527142045	467749194.40059143	454258138.1334303	0.0	0	446080.39321955835
959	18.325806422328437	419782033.036665	481959839.608943	0.0	0	400335.3433958672
960	25.112923042812564	470317939.05131316	543845919.7881029	0.0	0	448530.1390183573
961	26.43229105127887	503836380.99081606	525441026.31470865	0.0	0	480495.81622201554
962	21.751843434618152	461761995.1616638	444241871.41273296	0.0	0	440370.55507818575
963	22.10614295181873	457420062.4956626	467106349.20908135	0.0	0	436229.76541105506
964	25.8979553076598	510494891.35199803	409376570.04283357	0.0	0	486845.86653899954
965	23.349754954751226	422114237.8119777	467449682.5805547	0.0	0	402559.50719068304
966	26.67409198177025	487701412.2514228	480886490.8917609	0.0	0	465108.3109392383
967	26.29778500418822	508210653.1161075	547942414.6598616	0.0	0	484667.4472008777
968	27.729588282326127	525030866.481547	441288826.0409415	0.0	0	500708.45268397033
969	22.992874514030962	393081078.4547212	541821092.706336	0.0	0	374871.32878753776
970	26.408540727768226	512119266.7853384	486356167.0437491	0.0	0	488394.99166997755
971	27.49102120074438	427865612.5844521	489285571.9177291	0.0	0	408044.4455952187
972	23.052487470078994	435513895.54691845	480753578.62429273	0.0	0	415338.41662113054
973	24.460753674975688	530423626.33409107	562259162.3759503	0.0	0	505851.38924988837
974	21.666187122291475	368248505.56586903	558299411.5906398	0.0	0	351189.1418131532
975	26.627641631915328	512185179.30931604	492771382.62371254	0.0	0	488457.8507512245
976	24.14177651485744	526758463.44486624	484276001.1785614	0.0	0	502356.0175369894
977	23.854689548408174	493926001.51473135	525643557.50462675	0.0	0	471044.5418498337
978	25.136922965099757	396594730.9489501	541591513.2159022	0.0	0	378222.2089280605
979	28.258462909697027	526310526.7997058	531191029.3902702	0.0	0	501928.83186312276
980	27.240564380621546	531817543.89899695	511238213.1683514	0.0	0	507180.73263072653
981	22.829729516679706	475889445.7725291	508427516.6448728	0.0	0	453843.5418820658
982	24.01428790441794	443955780.03656846	425592206.07432586	0.0	0	423389.2250409777
983	22.34872367594334	423745157.5546138	536969730.338345	0.0	0	404114.873461355
984	22.897940587679713	522882317.77043295	484256554.99381155	0.0	0	498659.4369606331
985	27.9678850320192	528761864.4120169	581913467.0042509	0.0	0	504266.6095848246
986	26.26129684827898	517359907.3479841	510752939.1229531	0.0	0	493392.8559760898
987	26.94124838557323	495659553.34258604	544917738.3136765	0.0	0	472697.785704218
988	22.492140998866166	456906542.95691174	532573532.3578209	0.0	0	435740.03501597565
989	23.083574533524512	476525916.5497254	463422838.09855855	0.0	0	454450.52771542105
990	27.31538079477871	514703199.91719484	542795713.6292036	0.0	0	490859.2223331402
991	24.244870208734472	497545784.07762647	543205358.8100531	0.0	0	474496.63551104226
992	22.69101112874728	388080804.77447414	496869129.27195346	0.0	0	370102.6962036841
993	24.247318789097662	464243323.163539	505824787.8577336	0.0	0	442736.9338641538
994	26.998499368720793	493134454.14935356	491797803.80929387	0.0	0	470289.6634572537
995	21.635438799810924	503055291.4814287	507077287.78262246	0.0	0	479750.9112180984
996	27.086401739446497	430511026.99636966	464652013.17271525	0.0	0	410567.3093761155
997	24.63880554435114	427433610.7990342	527848777.8644759	0.0	0	407632.45658782404
998	25.7545032017399	516197377.1502212	483026629.26753366	0.0	0	492284.1807844366
999	18.854293014720543	431166819.0658858	485380708.893599	0.0	0	411192.7214297161
